4|3|1|2020-11-12
4|3|5|2020-11-12
4|3|8|2020-11-12
1|5|2|2020-10-08
1|5|4|2020-10-08
1|5|7|2020-10-08
6|4|1|2020-09-14
6|4|3|2020-09-14
6|4|8|2020-09-14
4|6|3|2020-09-09
4|6|6|2020-09-09
4|6|2|2020-09-09
3|9|2|2020-07-15
3|9|5|2020-07-15
3|9|9|2020-07-15
5|10|6|2020-04-02
5|10|8|2020-04-02
5|10|4|2020-04-02
2|11|2|2020-03-23
2|11|7|2020-03-23
2|11|9|2020-03-23
4|6|3|2021-05-23
4|6|7|2021-05-23
3|9|1|2021-03-20
3|9|5|2021-03-18
2|11|9|2021-02-16
2|11|7|2021-02-16
5|10|1|2021-05-03
5|10|4|2021-05-03
4|3|2|2021-08-17
4|3|7|2021-08-17
1|5|2|2021-05-14
1|5|6|2021-05-14
6|4|6|2021-03-16
6|4|6|2021-03-16
4|3|1|2020-11-13
6|4|7|2020-09-09
